../../../../.git/annex/objects/0v/z8/MD5E-s1013760--e7e3f2dbd166f07a8dba53a0e112ea2c.tsv/MD5E-s1013760--e7e3f2dbd166f07a8dba53a0e112ea2c.tsv