../../../../.git/annex/objects/v0/Vv/MD5E-s7315--6efaeed9b51eb8bfece1d150f99cfab6.tsv/MD5E-s7315--6efaeed9b51eb8bfece1d150f99cfab6.tsv