../../../../.git/annex/objects/QP/45/MD5E-s825256--249e146e129d9700d9d02d0f795355f5.tsv/MD5E-s825256--249e146e129d9700d9d02d0f795355f5.tsv