../../../../.git/annex/objects/2W/Gj/MD5E-s826222--8706d405d772718be773ff64f07df319.tsv/MD5E-s826222--8706d405d772718be773ff64f07df319.tsv