../../../../.git/annex/objects/Qq/0P/MD5E-s1018244--40709ea2b3961bf255e2bc65de634dd5.tsv/MD5E-s1018244--40709ea2b3961bf255e2bc65de634dd5.tsv