../../../../.git/annex/objects/jk/pK/MD5E-s1251--aae36984f413f50cd45ea02842adf2b9.tsv/MD5E-s1251--aae36984f413f50cd45ea02842adf2b9.tsv