../../../../.git/annex/objects/7F/F8/MD5E-s1015088--089eecf5342989e0e37251afc2fdb8e8.tsv/MD5E-s1015088--089eecf5342989e0e37251afc2fdb8e8.tsv