../../../../.git/annex/objects/G7/w0/MD5E-s4077126--e976b5d30719b9f52f93dc2e9a3775db.tsv/MD5E-s4077126--e976b5d30719b9f52f93dc2e9a3775db.tsv