../../../../.git/annex/objects/wV/X9/MD5E-s58766--7a8995b026303da43cee3480271193e0.tsv/MD5E-s58766--7a8995b026303da43cee3480271193e0.tsv