../../../../.git/annex/objects/1F/fQ/MD5E-s7323--35c7364dd59b2239b1502e5411f54e68.tsv/MD5E-s7323--35c7364dd59b2239b1502e5411f54e68.tsv