../../../../.git/annex/objects/Fm/jK/MD5E-s825758--096336982bd89ca4d35b3eebb5a1d07c.tsv/MD5E-s825758--096336982bd89ca4d35b3eebb5a1d07c.tsv