../../../../.git/annex/objects/m0/12/MD5E-s2277706--c8b960c3ead2c9a213ae8775e7abe176.tsv/MD5E-s2277706--c8b960c3ead2c9a213ae8775e7abe176.tsv