../../../../.git/annex/objects/Q4/mK/MD5E-s7367--42f52e43d5cbe743ecd68b208494b3df.tsv/MD5E-s7367--42f52e43d5cbe743ecd68b208494b3df.tsv