../../../../.git/annex/objects/G9/pg/MD5E-s4079722--07385ef325fc7816ad5c4f160a22d2a3.tsv/MD5E-s4079722--07385ef325fc7816ad5c4f160a22d2a3.tsv