../../../../.git/annex/objects/xM/Z0/MD5E-s1007618--fa217e200d3ab9e5b9d892ad547778a4.tsv/MD5E-s1007618--fa217e200d3ab9e5b9d892ad547778a4.tsv