../../../../.git/annex/objects/zM/Xv/MD5E-s11213--56a72b6235c7287d0af91caad1d1c4eb.tsv/MD5E-s11213--56a72b6235c7287d0af91caad1d1c4eb.tsv