../../../../.git/annex/objects/Pj/Kx/MD5E-s270139--484e8bef1a550d13c2552f1da740d382.tsv/MD5E-s270139--484e8bef1a550d13c2552f1da740d382.tsv