../../../../.git/annex/objects/1j/65/MD5E-s7335--7a03cb65e709c94f5f06443e9197ae4b.tsv/MD5E-s7335--7a03cb65e709c94f5f06443e9197ae4b.tsv