../../../../.git/annex/objects/0x/Q3/MD5E-s1018782--1cb2abfcffa581ba1c2af895bf539400.tsv/MD5E-s1018782--1cb2abfcffa581ba1c2af895bf539400.tsv