../../../../.git/annex/objects/gM/QW/MD5E-s25499648--142a6c04e866256774a9c840a7ee8c85.tsv/MD5E-s25499648--142a6c04e866256774a9c840a7ee8c85.tsv