../../../../.git/annex/objects/2v/Vj/MD5E-s4074118--e5ca3506ea6563c3198d0ad0efda2234.tsv/MD5E-s4074118--e5ca3506ea6563c3198d0ad0efda2234.tsv