../../../../.git/annex/objects/jV/PW/MD5E-s1018318--1ced27b630261656cd84597077d121c7.tsv/MD5E-s1018318--1ced27b630261656cd84597077d121c7.tsv