../../../../.git/annex/objects/zV/4P/MD5E-s7349--ff96254b315917e016d44556786f8bef.tsv/MD5E-s7349--ff96254b315917e016d44556786f8bef.tsv