../../../../.git/annex/objects/m1/Xq/MD5E-s25368622--dadccd0ce0b88db4696048f11df40c4b.tsv/MD5E-s25368622--dadccd0ce0b88db4696048f11df40c4b.tsv