../../../../.git/annex/objects/jP/jZ/MD5E-s1251--fbdf7a713d81308fd870706952f7e1f9.tsv/MD5E-s1251--fbdf7a713d81308fd870706952f7e1f9.tsv