../../../../.git/annex/objects/5j/w8/MD5E-s826446--a0854f8c5ff4071484a129e0b4eefc85.tsv/MD5E-s826446--a0854f8c5ff4071484a129e0b4eefc85.tsv