../../../../.git/annex/objects/9g/Gm/MD5E-s814352--e38d81c9cb084e455c24eb33e100cad2.tsv/MD5E-s814352--e38d81c9cb084e455c24eb33e100cad2.tsv