../../../../.git/annex/objects/wv/pV/MD5E-s1016156--0194cbfd5f2404fd72bebe5359b2d6f4.tsv/MD5E-s1016156--0194cbfd5f2404fd72bebe5359b2d6f4.tsv