../../../../.git/annex/objects/7P/mW/MD5E-s58582--0ed991b311afaffcc3a968e6bc69dec5.tsv/MD5E-s58582--0ed991b311afaffcc3a968e6bc69dec5.tsv