../../../../.git/annex/objects/wj/wp/MD5E-s11215--c347a5c4a3b8dc17827e13eca08d9196.tsv/MD5E-s11215--c347a5c4a3b8dc17827e13eca08d9196.tsv