../../../../.git/annex/objects/Vw/4m/MD5E-s25482866--c936546ad432f19ba7e2d13cd3b7dff1.tsv/MD5E-s25482866--c936546ad432f19ba7e2d13cd3b7dff1.tsv