../../../../.git/annex/objects/Gj/vz/MD5E-s7225--2a58735467870fd8d8da8341ba3737b0.tsv/MD5E-s7225--2a58735467870fd8d8da8341ba3737b0.tsv