../../../../.git/annex/objects/Zx/q5/MD5E-s628--5ed487c3440dba38759e97c9eda31bf3.tsv/MD5E-s628--5ed487c3440dba38759e97c9eda31bf3.tsv