../../../../.git/annex/objects/0g/Mf/MD5E-s4078678--322a7492f2b069b391c032b142d5d889.tsv/MD5E-s4078678--322a7492f2b069b391c032b142d5d889.tsv